{
  "nbformat": 4,
  "nbformat_minor": 0,
  "metadata": {
    "colab": {
      "name": "Matrix Algebra",
      "provenance": [],
      "authorship_tag": "ABX9TyPzB2qJ1vACmw12QvJfNyll",
      "include_colab_link": true
    },
    "kernelspec": {
      "name": "python3",
      "display_name": "Python 3"
    },
    "language_info": {
      "name": "python"
    }
  },
  "cells": [
    {
      "cell_type": "markdown",
      "metadata": {
        "id": "view-in-github",
        "colab_type": "text"
      },
      "source": [
        "<a href=\"https://colab.research.google.com/github/Drich05/Linear-Algebra-58019/blob/main/Matrix_Algebra.ipynb\" target=\"_parent\"><img src=\"https://colab.research.google.com/assets/colab-badge.svg\" alt=\"Open In Colab\"/></a>"
      ]
    },
    {
      "cell_type": "markdown",
      "metadata": {
        "id": "Eye8oQ3dDFym"
      },
      "source": [
        "Python Program to Inverse "
      ]
    },
    {
      "cell_type": "code",
      "metadata": {
        "colab": {
          "base_uri": "https://localhost:8080/"
        },
        "id": "AwVyR4gY8lva",
        "outputId": "f95caeaa-3973-49d6-98fc-2c2718d5eb3c"
      },
      "source": [
        "##Python program to inverse \n",
        "\n",
        "import numpy as np\n",
        "A = np.array([[1,2,],[4,7]])\n",
        "invA = (np.linalg.inv(A))\n",
        "print(invA)\n",
        "\n",
        "\n",
        "C = np.dot(A,invA)\n",
        "print(C)\n"
      ],
      "execution_count": 2,
      "outputs": [
        {
          "output_type": "stream",
          "name": "stdout",
          "text": [
            "[[-7.  2.]\n",
            " [ 4. -1.]]\n",
            "[[1. 0.]\n",
            " [0. 1.]]\n"
          ]
        }
      ]
    },
    {
      "cell_type": "code",
      "metadata": {
        "colab": {
          "base_uri": "https://localhost:8080/"
        },
        "id": "U7HPXltX_hu5",
        "outputId": "f2b98c78-f4eb-49b7-d8e8-1f31afac173c"
      },
      "source": [
        "##Python Program to Inverse a 3x3 Matrix A = ([6,1,1],[4,-2,5],[2,8,7])\n",
        "A = np.array([[6,1,1],[4,-2,5],[2,8,7]])\n",
        "print(A,\"\\n\")\n",
        "B = np.transpose(A)\n",
        "print()"
      ],
      "execution_count": 4,
      "outputs": [
        {
          "output_type": "stream",
          "name": "stdout",
          "text": [
            "[[ 6  1  1]\n",
            " [ 4 -2  5]\n",
            " [ 2  8  7]] \n",
            "\n",
            "\n"
          ]
        }
      ]
    },
    {
      "cell_type": "code",
      "metadata": {
        "colab": {
          "base_uri": "https://localhost:8080/"
        },
        "id": "pqDZ7ROa_y1v",
        "outputId": "2c44e24e-bf50-4b7f-c376-5ca4be4e35c6"
      },
      "source": [
        "##Python Program to Inverse a 3x3 Matrix A = ([6,1,1],[4,-2,5],[2,8,7])\n",
        "A = np.array([[6,1,1],[4,-2,5],[2,8,7]])\n",
        "print(A,\"\\n\")\n",
        "B = np.linalg.inv(A)\n",
        "print()\n"
      ],
      "execution_count": 5,
      "outputs": [
        {
          "output_type": "stream",
          "name": "stdout",
          "text": [
            "[[ 6  1  1]\n",
            " [ 4 -2  5]\n",
            " [ 2  8  7]] \n",
            "\n",
            "\n"
          ]
        }
      ]
    },
    {
      "cell_type": "markdown",
      "metadata": {
        "id": "ig9Wkt0zDQQO"
      },
      "source": [
        "Program Code of Product A and B\n"
      ]
    },
    {
      "cell_type": "code",
      "metadata": {
        "colab": {
          "base_uri": "https://localhost:8080/"
        },
        "id": "xTR4bqwN_4EZ",
        "outputId": "33ea3bf2-6838-4c6b-d96b-aa74dc27340f"
      },
      "source": [
        "##Program Code of Product A and B\n",
        "\n",
        "productAB= np.dot(A,B)\n",
        "print(productAB)"
      ],
      "execution_count": 7,
      "outputs": [
        {
          "output_type": "stream",
          "name": "stdout",
          "text": [
            "[[ 1.00000000e+00  0.00000000e+00  2.77555756e-17]\n",
            " [-1.38777878e-17  1.00000000e+00  1.38777878e-17]\n",
            " [-4.16333634e-17  1.38777878e-16  1.00000000e+00]]\n"
          ]
        }
      ]
    },
    {
      "cell_type": "markdown",
      "metadata": {
        "id": "qWMzqf9ODXSE"
      },
      "source": [
        "\n",
        "Create a Python Program to inverse and transpose a 4x4 matrix"
      ]
    },
    {
      "cell_type": "code",
      "metadata": {
        "colab": {
          "base_uri": "https://localhost:8080/"
        },
        "id": "Pdhwg5nkAbXQ",
        "outputId": "76bb93ad-6b7c-408b-ee15-cc926ccf14a2"
      },
      "source": [
        " # Create a Python Program to inverse and transpose a 4x4 matrix, A = ( [6,1,1,3],[4,-2,5,1],[2,8,7,6],[3,1,9,7] )\n",
        "\n",
        " print(A,\"\\n\")\n",
        "#Transpose variable A\n",
        "Atran = np.transpose(A)\n",
        "#Inverse variable A\n",
        "Ainv = np.linalg.inv(A)\n",
        "print(\"Transpose\\n\",Atran)\n",
        "print(\"\\nInverse\\n\", Ainv)\n",
        "\n",
        "\n"
      ],
      "execution_count": 9,
      "outputs": [
        {
          "output_type": "stream",
          "name": "stdout",
          "text": [
            "[[ 6  1  1  3]\n",
            " [ 4 -2  5  1]\n",
            " [ 2  8  7  6]\n",
            " [ 3  1  9  7]] \n",
            "\n",
            "Transpose\n",
            " [[ 6  4  2  3]\n",
            " [ 1 -2  8  1]\n",
            " [ 1  5  7  9]\n",
            " [ 3  1  6  7]]\n",
            "\n",
            "Inverse\n",
            " [[ 0.13368984  0.10695187  0.02139037 -0.09090909]\n",
            " [-0.00229183  0.02673797  0.14820474 -0.12987013]\n",
            " [-0.12987013  0.18181818  0.06493506 -0.02597403]\n",
            " [ 0.11000764 -0.28342246 -0.11382735  0.23376623]]\n"
          ]
        }
      ]
    }
  ]
}